,home_team,away_team,win_loc,home_odds,away_odds,h_prob_us,a_prob_us,bet_on,bet_perc,bet_size,bank,new_bank,earn_loss,year
0,Collingwood,Fremantle,0.0,2.31,1.6,0.47,0.53,0.0,0.05,4.8,100.0,106.29,6.29,2014
1,Gold Coast,Richmond,1.0,2.66,1.47,0.3,0.7,0.0,0.01,0.85,106.29,105.44,-0.85,2014
2,Carlton,Port Adelaide,0.0,1.62,2.24,0.41,0.59,0.0,0.01,1.05,105.44,106.09,0.65,2014
3,Richmond,Carlton,1.0,1.53,2.47,0.24,0.76,0.0,0.05,5.52,106.09,100.57,-5.52,2014
4,Essendon,Hawthorn,0.0,2.67,1.46,0.31,0.69,0.0,0.01,1.01,100.57,102.26,1.69,2014
5,Sydney,Collingwood,0.0,1.43,2.81,0.45,0.55,0.0,0.01,1.43,102.26,102.87,0.61,2014
6,Melbourne,West Coast,0.0,8.29,1.08,0.1,0.9,0.0,0.0,0.21,102.87,104.4,1.53,2014
7,Western Bulldogs,North Melbourne,0.0,3.21,1.35,0.43,0.57,0.0,0.05,5.22,104.4,115.94,11.54,2014
8,Hawthorn,Fremantle,1.0,1.65,2.19,0.49,0.51,0.0,0.04,4.17,115.94,111.77,-4.17,2014
9,Adelaide,Sydney,0.0,1.99,1.78,0.37,0.63,0.0,0.01,1.12,111.77,112.88,1.11,2014
10,Western Bulldogs,Richmond,1.0,2.99,1.39,0.41,0.59,0.0,0.04,4.74,112.88,108.14,-4.74,2014
11,North Melbourne,Port Adelaide,1.0,2.07,1.74,0.43,0.57,0.0,0.03,3.24,108.14,104.9,-3.24,2014
12,Essendon,Carlton,1.0,1.43,2.81,0.44,0.56,0.0,0.01,1.05,104.9,103.85,-1.05,2014
13,Richmond,Collingwood,0.0,2.63,1.48,0.2,0.8,0.0,0.02,2.08,103.85,107.24,3.39,2014
14,Gold Coast,Hawthorn,0.0,4.38,1.21,0.21,0.79,0.0,0.01,0.64,107.24,109.4,2.16,2014
15,Fremantle,Essendon,1.0,1.86,1.92,0.47,0.53,0.0,0.04,4.16,109.4,105.24,-4.16,2014
16,Sydney,Fremantle,1.0,2.4,1.56,0.35,0.65,0.0,0.02,1.68,105.24,103.56,-1.68,2014
17,Melbourne,Gold Coast,0.0,3.09,1.37,0.34,0.66,0.0,0.03,2.69,103.56,109.18,5.62,2014
18,Western Bulldogs,Carlton,0.0,1.77,2.02,0.35,0.65,0.0,0.0,0.44,109.18,109.52,0.34,2014
19,Carlton,West Coast,1.0,2.03,1.76,0.44,0.56,0.0,0.03,3.5,109.52,106.02,-3.5,2014
20,Melbourne,Sydney,0.0,7.09,1.09,0.04,0.96,0.0,0.02,2.12,106.02,118.93,12.91,2014
21,Richmond,Hawthorn,0.0,5.04,1.17,0.11,0.89,0.0,0.01,1.67,118.93,125.68,6.75,2014
22,Port Adelaide,Geelong,1.0,2.08,1.74,0.42,0.58,0.0,0.03,3.52,125.68,122.16,-3.52,2014
23,Carlton,Collingwood,0.0,3.95,1.25,0.07,0.93,0.0,0.03,4.15,122.16,134.4,12.24,2014
24,West Coast,Fremantle,0.0,2.81,1.42,0.35,0.65,0.0,0.02,3.23,134.4,140.25,5.85,2014
25,Sydney,Hawthorn,1.0,2.16,1.68,0.34,0.66,0.0,0.01,0.84,140.25,139.41,-0.84,2014
26,Port Adelaide,Fremantle,1.0,1.54,2.43,0.47,0.53,0.0,0.03,3.62,139.41,135.79,-3.62,2014
27,St Kilda,Carlton,0.0,3.2,1.35,0.33,0.67,0.0,0.02,3.26,135.79,142.96,7.17,2014
28,Adelaide,Collingwood,1.0,2.71,1.45,0.4,0.6,0.0,0.04,5.15,142.96,137.81,-5.15,2014
29,Essendon,Sydney,0.0,3.13,1.36,0.2,0.8,0.0,0.01,1.65,137.81,141.32,3.51,2014
30,Fremantle,Geelong,1.0,1.79,2.0,0.5,0.5,0.0,0.04,6.22,141.32,135.1,-6.22,2014
31,St Kilda,Gold Coast,0.0,4.03,1.24,0.26,0.74,0.0,0.02,2.16,135.1,141.65,6.54,2014
32,Carlton,Adelaide,1.0,2.25,1.63,0.24,0.76,0.0,0.02,2.83,141.65,138.82,-2.83,2014
33,St Kilda,Collingwood,0.0,8.45,1.06,0.1,0.9,0.0,0.0,0.28,138.82,140.9,2.09,2014
34,Melbourne,Port Adelaide,0.0,6.04,1.12,0.14,0.86,0.0,0.0,0.0,140.9,140.9,0.0,2014
35,Essendon,Richmond,1.0,1.68,2.16,0.48,0.52,0.0,0.03,4.79,140.9,136.11,-4.79,2014
36,Western Bulldogs,Fremantle,0.0,5.28,1.15,0.23,0.77,0.0,0.02,2.18,136.11,145.45,9.33,2014
37,Gold Coast,Sydney,0.0,4.43,1.2,0.14,0.86,0.0,0.01,1.45,145.45,150.42,4.97,2014
38,Melbourne,Collingwood,0.0,4.64,1.19,0.17,0.83,0.0,0.0,0.3,150.42,151.51,1.09,2014
39,Carlton,Hawthorn,0.0,4.74,1.18,0.14,0.86,0.0,0.01,1.21,151.51,156.04,4.53,2014
40,Richmond,Fremantle,0.0,3.67,1.27,0.18,0.82,0.0,0.01,1.25,156.04,159.37,3.34,2014
41,Richmond,Sydney,0.0,4.17,1.22,0.08,0.92,0.0,0.03,4.46,159.37,173.51,14.14,2014
42,Gold Coast,Geelong,1.0,2.64,1.47,0.49,0.51,0.0,0.06,10.41,173.51,163.1,-10.41,2014
43,Essendon,Adelaide,1.0,2.3,1.61,0.49,0.51,0.0,0.05,8.81,163.1,154.29,-8.81,2014
44,St Kilda,West Coast,0.0,5.77,1.13,0.3,0.7,0.0,0.04,5.55,154.29,180.77,26.47,2014
45,Melbourne,North Melbourne,0.0,3.56,1.29,0.25,0.75,0.0,0.01,1.45,180.77,184.48,3.71,2014
46,St Kilda,Richmond,0.0,5.56,1.14,0.25,0.75,0.0,0.02,4.43,184.48,204.68,20.2,2014
47,Adelaide,Port Adelaide,1.0,3.02,1.38,0.41,0.59,0.0,0.04,8.6,204.68,196.08,-8.6,2014
48,North Melbourne,Hawthorn,1.0,3.89,1.25,0.36,0.64,0.0,0.04,7.84,196.08,188.24,-7.84,2014
49,Gold Coast,Collingwood,1.0,1.91,1.88,0.31,0.69,0.0,0.01,1.88,188.24,186.36,-1.88,2014
50,Melbourne,Fremantle,0.0,5.4,1.15,0.21,0.79,0.0,0.01,2.24,186.36,196.21,9.86,2014
51,West Coast,Sydney,0.0,2.99,1.36,0.35,0.65,0.0,0.03,5.1,196.21,206.36,10.15,2014
52,Adelaide,Hawthorn,0.0,2.13,1.7,0.48,0.52,0.0,0.05,9.91,206.36,217.56,11.2,2014
53,Melbourne,Geelong,0.0,6.13,1.12,0.25,0.75,0.0,0.03,5.66,217.56,246.6,29.04,2014
54,Western Bulldogs,Gold Coast,1.0,2.45,1.54,0.46,0.54,0.0,0.05,11.84,246.6,234.76,-11.84,2014
55,Richmond,Port Adelaide,1.0,2.47,1.53,0.27,0.73,0.0,0.01,1.41,234.76,233.35,-1.41,2014
56,Essendon,Collingwood,1.0,2.67,1.46,0.22,0.78,0.0,0.01,3.27,233.35,230.08,-3.27,2014
57,Carlton,North Melbourne,1.0,3.97,1.24,0.18,0.82,0.0,0.01,1.38,230.08,228.7,-1.38,2014
58,St Kilda,Fremantle,1.0,11.96,1.03,0.04,0.96,0.0,0.01,1.83,228.7,226.87,-1.83,2014
59,Hawthorn,Sydney,1.0,1.85,1.94,0.41,0.59,0.0,0.02,4.08,226.87,222.79,-4.08,2014
60,North Melbourne,Geelong,0.0,2.23,1.65,0.38,0.62,0.0,0.02,4.46,222.79,228.27,5.49,2014
61,Collingwood,Port Adelaide,1.0,2.19,1.67,0.43,0.57,0.0,0.03,7.76,228.27,220.51,-7.76,2014
62,Richmond,Essendon,1.0,2.25,1.65,0.2,0.8,0.0,0.03,7.06,220.51,213.45,-7.06,2014
63,Carlton,Gold Coast,1.0,1.51,2.6,0.38,0.62,0.0,0.01,1.28,213.45,212.17,-1.28,2014
64,Port Adelaide,Sydney,0.0,3.05,1.38,0.29,0.71,0.0,0.01,2.55,212.17,217.4,5.23,2014
65,West Coast,Collingwood,1.0,1.71,2.15,0.38,0.62,0.0,0.0,0.87,217.4,216.53,-0.87,2014
66,Carlton,Geelong,0.0,2.74,1.45,0.24,0.76,0.0,0.01,1.73,216.53,219.54,3.01,2014
67,Gold Coast,Port Adelaide,0.0,3.16,1.36,0.32,0.68,0.0,0.02,4.39,219.54,229.02,9.48,2014
68,Port Adelaide,Carlton,1.0,1.27,3.78,0.45,0.55,0.0,0.0,0.92,229.02,228.1,-0.92,2014
69,Western Bulldogs,Sydney,0.0,5.29,1.16,0.22,0.78,0.0,0.01,3.19,228.1,241.79,13.69,2014
70,Collingwood,Hawthorn,0.0,9.05,1.07,0.11,0.89,0.0,0.0,0.48,241.79,245.65,3.86,2014
71,Carlton,Essendon,0.0,3.06,1.38,0.12,0.88,0.0,0.03,8.35,245.65,262.85,17.2,2014
72,Gold Coast,West Coast,0.0,2.36,1.59,0.5,0.5,0.0,0.06,15.25,262.85,283.59,20.74,2014
73,,,,,,,,,,,283.59,,,2014
